0.311494 0.721515 -0.456039 
-0.0206607 0.908394 0.262581 
0.12253 0.879095 -0.222625 
-0.202154 0.726774 -0.303735 
-0.0121536 0.728209 -0.216403 
-0.0511476 0.77105 -0.0428977 
-0.223634 0.782695 0.0217969 
-0.289681 0.674249 -0.00836714 
-0.162117 0.668586 -0.121258 
-0.203141 0.657079 0.153834 
-0.32511 0.472198 0.130095 
-0.437007 0.565156 0.148773 
-0.319967 0.483577 0.324269 
-0.511055 0.434094 0.300482 
-0.310578 0.299803 0.262876 
-0.506347 0.196067 0.321834 
-0.490451 0.127295 0.22344 
-0.560193 0.264099 0.0199869 
-0.475344 0.326695 0.330373 
-0.611203 0.30031 0.194344 
-0.469562 0.383071 0.0760055 
-0.427112 0.468231 -0.0642556 
-0.245243 0.401676 -0.000269661 
-0.492844 0.381836 -0.178357 
-0.528415 0.320337 -0.0592195 
-0.101268 0.450717 -0.129677 
-0.0213972 0.538437 -0.339435 
-0.198941 0.501182 -0.392692 
-0.154778 0.509212 -0.215576 
-0.378031 0.497839 -0.143603 
-0.343772 0.443329 -0.27712 
-0.398763 0.32419 -0.330307 
-0.294963 0.328802 -0.472776 
-0.0133553 0.349149 -0.333996 
-0.0746096 0.382034 -0.531401 
-0.188689 0.39137 -0.368695 
-0.214696 0.248624 -0.508956 
-0.306686 0.181392 -0.159919 
-0.378816 0.0728677 0.0079913 
-0.509375 -0.165174 0.156238 
-0.537048 -0.00191377 0.119012 
-0.597998 -0.0691793 -0.0451445 
-0.442389 -0.071744 0.0282341 
-0.466964 0.077322 -0.137945 
-0.555241 0.123561 -0.314507 
-0.401041 0.0933518 -0.360935 
-0.552481 -0.0622797 -0.258099 
-0.367749 -0.299447 -0.242035 
-0.472081 -0.401936 -0.149462 
-0.217472 -0.246856 -0.395796 
-0.30678 0.0708397 -0.44114 
-0.307972 -0.0805871 -0.357355 
-0.328614 -0.146618 -0.547747 
-0.432069 -0.205775 -0.333486 
-0.437569 -0.201849 -0.0759711 
-0.242284 -0.0797806 -0.173672 
-0.162216 -0.0256644 -0.267561 
-0.131061 0.012737 -0.454534 
0.0465098 0.172261 -0.546024 
0.159078 0.237433 -0.578092 
0.0515675 0.175313 -0.377162 
0.0426636 0.0346524 -0.514292 
0.0151889 0.0730674 -0.288739 
0.0486968 -0.0913843 -0.391948 
0.125645 -0.0590479 -0.516966 
-0.0545609 -0.210681 -0.426298 
-0.206125 -0.253993 -0.0459151 
-0.129432 -0.376557 -0.100669 
0.0271148 -0.513359 -0.142263 
-0.124235 -0.362282 -0.233745 
0.016894 -0.305448 -0.169199 
0.0689682 -0.374845 -0.339387 
0.164455 -0.303444 -0.193607 
0.251134 -0.171726 -0.401652 
0.290819 -0.280026 -0.304655 
0.139189 -0.230113 -0.395352 
0.11057 -0.0977121 -0.158656 
0.21181 0.0833144 -0.268091 
0.292673 0.229937 -0.289325 
0.364449 0.0935586 -0.435663 
0.437038 -0.0538169 -0.312619 
0.386033 0.188433 -0.361611 
0.309142 0.0331034 -0.145247 
0.356523 -0.0385585 -0.392647 
0.383891 -0.178787 -0.239165 
0.409959 0.127361 -0.163301 
0.535829 0.0184788 -0.251133 
0.470308 0.263001 -0.250014 
0.613339 -0.00589703 -0.107001 
0.529447 -0.140336 -0.133982 
0.426757 -0.311714 -0.172425 
0.443231 -0.154826 -0.0244553 
0.408531 -0.248205 0.0832984 
0.203323 -0.338533 -0.0144301 
0.18419 -0.344323 0.176922 
0.327136 -0.318827 0.0089733 
0.361967 -0.0682537 0.0608454 
0.166726 -0.179149 0.151164 
0.320919 -0.394203 0.184926 
0.0617149 -0.390883 0.127278 
0.0300233 -0.359092 0.341374 
-0.0789682 -0.18929 0.214213 
0.0475161 -0.0991052 0.102112 
-0.0237076 -0.340638 0.195773 
-0.109502 -0.233327 0.447901 
-0.122717 -0.273696 0.280181 
-0.0744303 -0.065142 0.343447 
-0.179264 -0.138647 0.35639 
0.0903243 -0.0217971 0.316202 
0.15614 -0.327078 0.31379 
0.331946 -0.240591 0.291363 
0.204821 -0.23286 0.481244 
0.0719926 -0.195201 0.466574 
0.326211 -0.059071 0.252729 
0.380261 -0.165328 0.451873 
0.215018 -0.0411954 0.506233 
-0.00481452 -0.0907393 0.623746 
0.318207 0.02176 0.523442 
0.448379 -0.0182933 0.402392 
0.551644 -0.0021278 0.245233 
0.405647 0.189308 0.509512 
0.50795 0.0795515 0.449618 
0.346781 0.231509 0.264611 
0.425899 0.327626 0.489183 
0.533735 0.188814 0.321949 
0.340149 0.167117 0.42618 
0.228676 0.114309 0.583676 
-0.0284223 0.1796 0.536519 
0.0900107 0.216041 0.377696 
0.0726931 0.162307 0.625938 
0.106397 0.0252471 0.652016 
-0.092714 0.0828662 0.549473 
0.0617968 0.310066 0.542164 
-0.0691217 0.325094 0.534834 
0.0766983 0.37157 0.374873 
0.224474 0.317318 0.506069 
0.281694 0.491945 0.406911 
0.19024 0.454647 0.488986 
0.414281 0.452075 0.369507 
0.220404 0.540296 0.239341 
0.250616 0.370422 0.130725 
0.357443 0.570558 0.218093 
0.48615 0.40738 0.0285895 
0.388033 0.525507 0.0932375 
0.487033 0.463994 0.213393 
0.567459 0.31605 0.212663 
0.605448 0.243626 0.0943593 
0.592107 0.400529 0.0947577 
0.565178 0.122284 0.219196 
0.51076 0.324603 0.343345 
0.22546 0.717504 0.30946 
0.402858 0.632606 -0.013392 
0.490589 0.528536 -0.149172 
